<?xml version="1.0"?>
<opencv_storage>
<calibration_time>"Wed 07 Oct 2015 05:15:37 PM WEST"</calibration_time>
<nr_of_frames>3</nr_of_frames>
<image_width>640</image_width>
<image_height>480</image_height>
<board_width>9</board_width>
<board_height>6</board_height>
<square_size>23.</square_size>
<fix_aspect_ratio>1.</fix_aspect_ratio>
<!-- flags: +fix_aspectRatio +fix_principal_point +zero_tangent_dist -->
<flags>6158</flags>
<fisheye_model>0</fisheye_model>
<camera_matrix type_id="opencv-matrix">
  <rows>3</rows>
  <cols>3</cols>
  <dt>d</dt>
  <data>
    7.5306199170416630e+02 0. 3.1950000000000000e+02 0.
    7.5306199170416630e+02 2.3950000000000000e+02 0. 0. 1.</data></camera_matrix>
<distortion_coefficients type_id="opencv-matrix">
  <rows>5</rows>
  <cols>1</cols>
  <dt>d</dt>
  <data>
    3.3351999092199330e-01 -5.4174755069400184e+00 0. 0.
    2.7627581792656482e+01</data></distortion_coefficients>
<avg_reprojection_error>7.0150025372809344e-01</avg_reprojection_error>
<per_view_reprojection_errors type_id="opencv-matrix">
  <rows>3</rows>
  <cols>1</cols>
  <dt>f</dt>
  <data>
    3.93667787e-01 5.03786087e-01 1.03321493e+00</data></per_view_reprojection_errors>
<extrinsic_parameters type_id="opencv-matrix">
  <rows>3</rows>
  <cols>6</cols>
  <dt>d</dt>
  <data>
    -1.1020403852238801e-01 2.7901961682501436e-01
    1.5950538902480560e+00 2.5544440643005039e+01
    -1.0874664710908053e+02 4.7934965332661540e+02
    -3.6303177184030211e-01 1.7474885067019028e-02
    3.0116601766268305e+00 8.1250788367287058e+01 3.6291875555697771e+01
    5.2359258153470455e+02 -7.2745958837048774e-01
    2.0928742411593820e-01 5.5063631718433292e-01
    -8.0203324092526103e+01 -6.9841442726423395e+01
    5.0988339460882952e+02</data></extrinsic_parameters>
<image_points type_id="opencv-matrix">
  <rows>3</rows>
  <cols>54</cols>
  <dt>"2f"</dt>
  <data>
    3.59977753e+02 6.68636169e+01 3.58563324e+02 1.00541931e+02
    3.57282867e+02 1.35377548e+02 3.55826965e+02 1.71279282e+02
    3.54563446e+02 2.07408661e+02 3.53416138e+02 2.44211411e+02
    3.51699799e+02 2.81548615e+02 3.50427795e+02 3.20427673e+02
    3.49236755e+02 3.60455353e+02 3.23541168e+02 6.74607239e+01
    3.22118805e+02 1.01320892e+02 3.20475616e+02 1.35533066e+02
    3.18523224e+02 1.71040665e+02 3.16765839e+02 2.06587784e+02
    3.14934723e+02 2.43452301e+02 3.13005707e+02 2.80578400e+02
    3.10996368e+02 3.19407471e+02 3.09362793e+02 3.58925964e+02
    2.88300446e+02 6.84596176e+01 2.86086670e+02 1.01541344e+02
    2.83966461e+02 1.35577744e+02 2.81778412e+02 1.70601456e+02
    2.79535400e+02 2.06387863e+02 2.77082794e+02 2.42377945e+02
    2.74544037e+02 2.79574097e+02 2.72096527e+02 3.17910950e+02
    2.69911194e+02 3.57525848e+02 2.52503922e+02 6.82920685e+01
    2.50261688e+02 1.01442162e+02 2.47601135e+02 1.35453491e+02
    2.45179214e+02 1.70348297e+02 2.42323120e+02 2.05496643e+02
    2.39395218e+02 2.41540482e+02 2.36340729e+02 2.78550781e+02
    2.33594727e+02 3.16764984e+02 2.31080887e+02 3.56080688e+02
    2.17342072e+02 6.76130295e+01 2.14485931e+02 1.00721214e+02
    2.11745590e+02 1.35054108e+02 2.08957108e+02 1.69793839e+02
    2.05624191e+02 2.04834427e+02 2.02056610e+02 2.40555374e+02
    1.98780640e+02 2.77594452e+02 1.95681671e+02 3.15581604e+02
    1.92660477e+02 3.54567566e+02 1.82448486e+02 6.75195694e+01
    1.79399948e+02 1.00571220e+02 1.76421951e+02 1.34681747e+02
    1.73306335e+02 1.69460953e+02 1.69305359e+02 2.04002594e+02
    1.65613403e+02 2.39960403e+02 1.61949585e+02 2.76719025e+02
    1.58330566e+02 3.14620392e+02 1.54500443e+02 3.52958008e+02
    4.37105072e+02 2.92586914e+02 4.05801270e+02 2.96592163e+02
    3.73672821e+02 3.00611633e+02 3.40812805e+02 3.04728577e+02
    3.07598846e+02 3.09079163e+02 2.73932709e+02 3.13553223e+02
    2.39590958e+02 3.18203033e+02 2.04396317e+02 3.22946686e+02
    1.68111252e+02 3.27620361e+02 4.33469482e+02 2.59337555e+02
    4.02222412e+02 2.63027649e+02 3.69975281e+02 2.66756866e+02
    3.37007599e+02 2.70627075e+02 3.03872986e+02 2.74607056e+02
    2.70166260e+02 2.78675934e+02 2.35557968e+02 2.82821442e+02
    2.00253983e+02 2.87093445e+02 1.64017868e+02 2.91477814e+02
    4.30011566e+02 2.26203506e+02 3.98608612e+02 2.29522049e+02
    3.66314178e+02 2.33006943e+02 3.33304993e+02 2.36569427e+02
    3.00086731e+02 2.40211121e+02 2.66454712e+02 2.43795135e+02
    2.31774200e+02 2.47579712e+02 1.96339767e+02 2.51461945e+02
    1.60039444e+02 2.55410522e+02 4.26457123e+02 1.92571487e+02
    3.94872955e+02 1.95655228e+02 3.62472961e+02 1.98890747e+02
    3.29533081e+02 2.02287109e+02 2.96460938e+02 2.05458191e+02
    2.62519714e+02 2.08673920e+02 2.27947906e+02 2.11973755e+02
    1.92295197e+02 2.15414429e+02 1.55902695e+02 2.18867859e+02
    4.22701141e+02 1.59347397e+02 3.91344940e+02 1.62067337e+02
    3.58712433e+02 1.65100204e+02 3.25713531e+02 1.68202286e+02
    2.92520233e+02 1.70953247e+02 2.58819275e+02 1.73560318e+02
    2.23887436e+02 1.76546677e+02 1.88316208e+02 1.79617691e+02
    1.51873962e+02 1.82837082e+02 4.19202179e+02 1.25876106e+02
    3.87546631e+02 1.28494293e+02 3.55069244e+02 1.31185196e+02
    3.21895294e+02 1.33848190e+02 2.88769379e+02 1.36265656e+02
    2.54679733e+02 1.38663483e+02 2.19835068e+02 1.41274872e+02
    1.84374573e+02 1.43902908e+02 1.47852005e+02 1.46558792e+02
    2.00625992e+02 1.35356262e+02 2.27609680e+02 1.47902084e+02
    2.55494080e+02 1.61222824e+02 2.84551514e+02 1.75392273e+02
    3.14427094e+02 1.89297897e+02 3.45345520e+02 2.02624695e+02
    3.77645355e+02 2.15510498e+02 4.11414551e+02 2.29503006e+02
    4.46246429e+02 2.45360703e+02 1.78461365e+02 1.53795929e+02
    2.05741425e+02 1.66962921e+02 2.34181717e+02 1.81334579e+02
    2.63659424e+02 1.96244064e+02 2.93982086e+02 2.10465851e+02
    3.25508057e+02 2.24821182e+02 3.58319824e+02 2.39142883e+02
    3.92706451e+02 2.53883911e+02 4.28232147e+02 2.70628052e+02
    1.55088165e+02 1.73104736e+02 1.82581802e+02 1.86971161e+02
    2.11497009e+02 2.02408859e+02 2.41527466e+02 2.18156876e+02
    2.72378326e+02 2.33365677e+02 3.04349274e+02 2.47806778e+02
    3.37832001e+02 2.63063141e+02 3.72737152e+02 2.79579224e+02
    4.08995483e+02 2.97885529e+02 1.29899124e+02 1.93708267e+02
    1.57935165e+02 2.08536346e+02 1.87305664e+02 2.24946060e+02
    2.17677658e+02 2.41465805e+02 2.49051514e+02 2.57346405e+02
    2.81606049e+02 2.73178406e+02 3.15799927e+02 2.89371094e+02
    3.51330322e+02 3.07578888e+02 3.88414124e+02 3.26666443e+02
    1.03715767e+02 2.15583206e+02 1.31910278e+02 2.31241226e+02
    1.61571487e+02 2.48503189e+02 1.92487579e+02 2.66058044e+02
    2.24509933e+02 2.82995117e+02 2.57498260e+02 2.99492737e+02
    2.92354187e+02 3.17837921e+02 3.28669678e+02 3.37110718e+02
    3.66477600e+02 3.57553467e+02 7.60046616e+01 2.38696457e+02
    1.04519135e+02 2.55576782e+02 1.34528534e+02 2.74053467e+02
    1.65886780e+02 2.92431396e+02 1.98081787e+02 3.09863098e+02
    2.31866333e+02 3.28792938e+02 2.67316223e+02 3.48288635e+02
    3.04307220e+02 3.68871613e+02 3.42966156e+02 3.89988617e+02</data></image_points>
</opencv_storage>
