<?xml version="1.0"?>
<opencv_storage>
<images>
calib/vlcsnap-2015-10-07-17h12m38s219.png
calib/vlcsnap-2015-10-07-17h12m44s15.png
calib/vlcsnap-2015-10-07-17h12m48s54.png
calib/vlcsnap-2015-10-07-17h12m52s94.png
calib/vlcsnap-2015-10-07-17h13m01s186.png
calib/vlcsnap-2015-10-07-17h13m09s17.png
calib/vlcsnap-2015-10-07-17h13m22s146.png
calib/vlcsnap-2015-10-07-17h13m32s248.png
</images>
</opencv_storage>
